$ 1 0.000005 0.11331484530668263 63 5 50 5e-11
w 224 144 224 64 0
w 96 64 96 128 0
r 48 128 96 128 0 10000
r 96 64 224 64 0 10000
r 96 160 48 160 0 10000
r 96 160 96 224 0 10000
g 96 224 96 240 0 0
r -272 -48 -272 48 0 47000
r -272 48 -272 160 0 7000
g -272 160 -272 192 0 0
w 48 64 48 128 0
w 0 160 48 160 0
w 240 176 240 208 0
r 240 224 368 224 0 10000
w 368 224 368 160 0
g 176 224 176 240 0 0
r 240 224 176 224 0 33000
w 240 144 224 144 0
w 240 208 240 224 0
R -272 -48 -304 -48 0 0 40 5 0 0 0.5
w -272 48 -208 48 0
w -80 64 -80 112 0
w -80 112 -208 112 0
w -208 112 -208 80 0
w -80 64 -32 64 0
w -32 64 48 64 0
v -80 160 0 160 0 1 400 0.5 2.5 0 0.5
g -80 160 -80 192 0 0
w 368 160 448 160 0
R -144 32 -96 32 0 0 40 5 0 0 0.5
g -144 96 -112 96 0 0
409 -208 64 -80 64 3 0.6 0 0.023100000000000002 2
409 96 144 224 144 1 0.6 0 0.023100000000000002 2
g 160 176 192 176 0 0
R 160 112 208 112 0 0 40 5 0 0 0.5
409 240 160 368 160 3 0.6 0 0.023100000000000002 2
g 304 192 336 192 0 0
R 304 128 352 128 0 0 40 5 0 0 0.5
w 368 544 448 544 0
g -80 544 -80 576 0 0
v -80 544 0 544 0 1 400 0.5 2.5 0 0.5
w -32 448 48 448 0
w -80 448 -32 448 0
w -208 496 -208 464 0
w -80 496 -208 496 0
w -80 448 -80 496 0
w -272 432 -208 432 0
R -272 336 -304 336 0 0 40 5 0 0 0.5
w 240 592 240 608 0
w 240 528 224 528 0
r 240 608 176 608 0 33000
g 176 608 176 624 0 0
w 368 608 368 544 0
r 240 608 368 608 0 10000
w 240 560 240 592 0
w 0 544 48 544 0
w 48 448 48 512 0
g -272 544 -272 576 0 0
r -272 432 -272 544 0 7000
r -272 336 -272 432 0 47000
g 96 608 96 624 0 0
r 96 544 96 608 0 10000
r 96 544 48 544 0 10000
r 96 448 224 448 0 10000
r 48 512 96 512 0 10000
w 96 448 96 512 0
w 224 528 224 448 0
a -208 448 -80 448 9 15 -15 1000000 0.6481416667314809 0.6481481481481481 100000
a 96 528 224 528 8 15 -15 1000000 1.2937363714287615 1.2937557647395228 100000
a 240 544 368 544 9 15 -15 1000000 1.9393058063946973 1.939331076137023 100000
o 0 1 0 12291 3.064441456401255 0.0001 0 4 14 0 38 0 38 3
