$ 1 0.000005 0.07470175003104325 50 5 43 5e-11
x -954 212 -827 215 4 24 Slow\sDecay
x -954 119 -765 122 4 24 Forward\sDirection
x -956 165 -749 168 4 24 Backward\sDirection
L -624 208 -704 208 0 0 false 36 0
L -624 160 -704 160 0 0 false 36 0
L -624 112 -704 112 0 0 false 36 0
r -128 208 -176 208 0 1.8
w 16 208 16 288 0
w 16 208 16 128 0
w -80 208 16 208 0
w -256 208 -256 288 0
w -256 208 -176 208 0
w -256 128 -256 208 0
l -128 208 -80 208 0 0.0035 1.6746115932310401e-7 0
g -256 320 -256 336 0 0
R 16 96 16 64 0 0 40 24 0 0 0.5
g 16 320 16 336 0 0
R -256 96 -256 64 0 0 40 24 0 0 0.5
w -240 96 -256 96 0
d -240 128 -240 96 2 default
w -256 128 -240 128 0
w -240 288 -256 288 0
d -240 320 -240 288 2 default
w -256 320 -240 320 0
w 0 288 16 288 0
d 0 320 0 288 2 default
w 16 320 0 320 0
w 0 96 16 96 0
d 0 128 0 96 2 default
w 16 128 0 128 0
f 96 304 16 304 32 1.5 60
f 96 112 16 112 32 1.5 60
f -336 304 -256 304 32 1.5 60
f -336 112 -256 112 32 1.5 60
w -624 112 -432 112 0
w -432 128 -432 384 0
w -432 384 96 384 0
w 96 384 96 304 0
w -496 160 -336 160 0
w -336 160 -336 304 0
w -336 304 -336 416 0
w -336 416 128 416 0
150 -400 0 -288 0 0 3 0 36
w -624 208 -464 208 0
w -464 208 -464 16 0
w -464 16 -400 16 0
I -480 0 -400 0 0 0.5 36
I -480 -16 -400 -16 0 0.5 36
w -496 160 -624 160 0
w -496 160 -496 0 0
w -496 0 -480 0 0
w -480 -16 -624 -16 0
w -624 -16 -624 112 0
152 -416 112 -336 112 0 2 0 36
w -288 0 -288 48 0
w -288 48 -416 48 0
w -416 48 -416 96 0
152 176 112 96 112 0 2 0 36
w 176 128 176 416 0
w 128 416 176 416 0
w 176 96 176 0 0
w 176 0 -288 0 0
w -432 112 -432 128 0
w -432 128 -416 128 0
o 13 64 0 4099 40 3.2 0 2 13 3
